"inj_x"= -2.2631102214914933
"inj_y"= 0.7499999999999999
"b_x"= -0.9290244831013201
"b_y"= 0.7499999999999999
"c_x"= -0.5754710925080464
"c_y"= 0.6035533905932737
"d_x"= -0.1767766952966369
"d_y"= 0.20485899338186422
"o_x"= 0.0
"o_y"= 0.13163568867850112
"n_x"= 0.03235238063781509
"n_y"= 0.1358941362361297
"e_x"= 0.7154340612147704
"e_y"= 0.318925320911219
