"inj_x"= -9.551495489903216
"inj_y"= 2.1850393700787403
"b_x"= -3.5347192702775914
"b_y"= 2.1850393700787403
"c_x"= -1.6472241915374344
"c_y"= 1.679286588012597
"d_x"= -0.7328999999999999
"d_y"= 1.1514012699018723
"o_x"= 0.0
"o_y"= 0.9550213067691025
"n_x"= 0.09661460210522471
"n_y"= 0.967738399244373
"e_x"= 7.248577564461572
"e_y"= 2.884101099305056
