"inj_x"= -8.030560627970061
"inj_y"= 1.625
"b_x"= -1.512676119839314
"b_y"= 1.625
"c_x"= -1.0497534274655238
"c_y"= 1.433251142488508
"d_x"= -0.46292269237379036
"d_y"= 0.8464204073967746
"o_x"= 0.0
"o_y"= 0.6546715498852825
"n_x"= 0.06777658615883844
"n_y"= 0.6635927801657877
"e_x"= 2.501145828865438
"e_y"= 1.3156121036357535
