"inj_x"= -10.086188390522159
"inj_y"= 1.875
"b_x"= -1.6697377046508797
"b_y"= 1.875
"c_x"= -0.9626309234643322
"c_y"= 1.5821067811865477
"d_x"= -0.3535533905932738
"d_y"= 0.9730292483154892
"o_x"= 0.0
"o_y"= 0.826582638908763
"n_x"= 0.19411428382689058
"n_y"= 0.8521333242545344
"e_x"= 3.540605945974389
"e_y"= 1.748823062604442
