"inj_x"= -9.014033691326055
"inj_y"= 1.625
"b_x"= -1.5044333540971535
"b_y"= 1.625
"c_x"= -1.0075395835830003
"c_y"= 1.4191798611943334
"d_x"= -0.4968937705141532
"d_y"= 0.9085340481254863
"o_x"= 0.0
"o_y"= 0.7027139093198198
"n_x"= 0.07275029719616605
"n_y"= 0.7122898143785545
"e_x"= 2.863577989636973
"e_y"= 1.4600898407824825
