"inj_x"= -8.308585004979138
"inj_y"= 2.5
"b_x"= -2.1809311339915673
"b_y"= 2.5
"c_x"= -1.4738243528050197
"c_y"= 2.207106781186548
"d_x"= -0.3535533905932738
"d_y"= 1.0868358189748017
"o_x"= 0.0
"o_y"= 0.9403892095680755
"n_x"= 0.2870125742738174
"n_y"= 0.997424442809032
"e_x"= 3.907295081597555
"e_y"= 2.496994556964598
