"inj_x"= -7.273014188561422
"inj_y"= 2.9999999999999996
"b_x"= -2.446997438023809
"b_y"= 2.9999999999999996
"c_x"= -1.7398906568372614
"c_y"= 2.7071067811865475
"d_x"= -0.3535533905932738
"d_y"= 1.3207695149425598
"o_x"= 0.0
"o_y"= 1.1743229055358337
"n_x"= 0.19411428382689058
"n_y"= 1.1998735908816052
"e_x"= 1.4900670036561345
"e_y"= 1.5471230755887682
