"inj_x"= -8.864547301505986
"inj_y"= 2.75
"b_x"= -2.9956379905936776
"b_y"= 2.75
"c_x"= -1.9218756451604249
"c_y"= 2.3052330737560025
"d_x"= -1.0737623454332526
"d_y"= 1.4571197740288304
"o_x"= 0.0
"o_y"= 1.0123528477848331
"n_x"= 0.2756834390561231
"n_y"= 1.0936602284654304
"e_x"= 3.372308664529029
"e_y"= 2.141862076896122
