"inj_x"= -10.365580500034506
"inj_y"= 1.8124999999999998
"b_x"= -1.6731788491979358
"b_y"= 1.8124999999999998
"c_x"= -1.0989917561092473
"c_y"= 1.5746639187030824
"d_x"= -0.5741870930886885
"d_y"= 1.0498592556825237
"o_x"= 0.0
"o_y"= 0.812023174385606
"n_x"= 0.08406682503824008
"n_y"= 0.8230886403174466
"e_x"= 3.327513112363425
"e_y"= 1.692167453699953
