"inj_x"= -8.62869998327469
"inj_y"= 1.875
"b_x"= -1.7490004862621296
"b_y"= 1.875
"c_x"= -1.0418937050755819
"c_y"= 1.5821067811865477
"d_x"= -0.3535533905932738
"d_y"= 0.8937664667042396
"o_x"= 0.0
"o_y"= 0.7473198572975134
"n_x"= 0.19411428382689058
"n_y"= 0.7728705426432849
"e_x"= 2.2622830973104944
"e_y"= 1.3270347060274497
