"inj_x"= -0.8830914169855605
"inj_y"= 0.3
"b_x"= -0.29107374942702585
"b_y"= 0.3
"c_x"= -0.2542858113489165
"c_y"= 0.2847619371163055
"d_x"= -0.036787938078109386
"d_y"= 0.06726406384549842
"o_x"= 0.0
"o_y"= 0.052026000961803896
"n_x"= 0.0113341563838111
"n_y"= 0.05536878633530014
"e_x"= 0.1834792799950584
"e_y"= 0.11347990708995355
