"inj_x"= -5.0784863451245235
"inj_y"= 0.7499999999999999
"b_x"= -0.7091267376155052
"b_y"= 0.7499999999999999
"c_x"= -0.5406749298426357
"c_y"= 0.6802249766142118
"d_x"= -0.16845180777286953
"d_y"= 0.3080018545444457
"o_x"= 0.0
"o_y"= 0.2382268311586576
"n_x"= 0.02466305638331328
"n_y"= 0.24147315585404694
"e_x"= 0.05284306334696647
"e_y"= 0.24902396596266124
