"inj_x"= -8.030560627970212
"inj_y"= 1.625
"b_x"= -1.5126761198393128
"b_y"= 1.625
"c_x"= -1.0497534274655171
"c_y"= 1.4332511424885057
"d_x"= -0.4629226923737958
"d_y"= 0.8464204073967845
"o_x"= 0.0
"o_y"= 0.6546715498852902
"n_x"= 0.06777658615883923
"n_y"= 0.6635927801657956
"e_x"= 2.5011458288655595
"e_y"= 1.3156121036357937
