"inj_x"= -8.714921299963708
"inj_y"= 1.875
"b_x"= -1.744065784615731
"b_y"= 1.875
"c_x"= -1.0369590034291836
"c_y"= 1.5821067811865477
"d_x"= -0.3535533905932738
"d_y"= 0.8987011683506378
"o_x"= 0.0
"o_y"= 0.7522545589439117
"n_x"= 0.19411428382689058
"n_y"= 0.777805244289683
"e_x"= 2.2765692849508903
"e_y"= 1.3357973801150114
