"inj_x"= -12.169762675243739
"inj_y"= 2.75
"b_x"= -2.0414091694791554
"b_y"= 2.75
"c_x"= -1.3343023882926077
"c_y"= 2.4571067811865475
"d_x"= -0.3535533905932738
"d_y"= 1.4763577834872135
"o_x"= 0.0
"o_y"= 1.3299111740804872
"n_x"= 0.2870125742738174
"n_y"= 1.3869464073214437
"e_x"= 5.463900428994077
"e_y"= 3.5312835676311325
