"inj_x"= -16.129662128394198
"inj_y"= 5.999999999999999
"b_x"= -3.363716563836756
"b_y"= 5.999999999999999
"c_x"= -2.6566097826502086
"c_y"= 5.707106781186547
"d_x"= -0.3535533905932738
"d_y"= 3.4040503891296128
"o_x"= 0.0
"o_y"= 3.2576037797228867
"n_x"= 0.2870125742738174
"n_y"= 3.3146390129638434
"e_x"= 13.167334102717202
"e_y"= 8.649842877771245
