"inj_x"= -9.39062580132585
"inj_y"= 1.8124999999999998
"b_x"= -1.6812934413192593
"b_y"= 1.8124999999999998
"c_x"= -1.1405491818198703
"c_y"= 1.5885163939399567
"d_x"= -0.540744259499389
"d_y"= 0.9887114716194754
"o_x"= 0.0
"o_y"= 0.7647278655594322
"n_x"= 0.16660025869895623
"n_y"= 0.8138633185336837
"e_x"= 2.209836142201053
"e_y"= 1.5048826276942822
