"inj_x"= -0.9832677234768296
"inj_y"= 0.3
"b_x"= -0.29034294318268256
"b_y"= 0.3
"c_x"= -0.2505431184625607
"c_y"= 0.28351437282085357
"d_x"= -0.03979982472012182
"d_y"= 0.07277107907841468
"o_x"= 0.0
"o_y"= 0.05628545189926825
"n_x"= 0.012262101683120872
"n_y"= 0.05990191639531196
"e_x"= 0.22544294883885704
"e_y"= 0.13179452200009653
