"inj_x"= -8.649595220178485
"inj_y"= 1.875
"b_x"= -1.746562935971664
"b_y"= 1.875
"c_x"= -1.217232651124609
"c_y"= 1.6557442170415364
"d_x"= -0.5293302848470549
"d_y"= 0.9678418507639822
"o_x"= 0.0
"o_y"= 0.7485860678055185
"n_x"= 0.07749933249859006
"n_y"= 0.7587870742443064
"e_x"= 2.219660973325044
"e_y"= 1.3327775559606834
