"inj_x"= -8.317172928757433
"inj_y"= 1.875
"b_x"= -1.8725224337574335
"b_y"= 1.875
"c_x"= -0.7589684476368861
"c_y"= 1.4137508365142484
"d_x"= -0.5567769930602737
"d_y"= 1.211559381937636
"o_x"= 0.0
"o_y"= 0.9809348001947601
"n_x"= 0.10189726185138612
"n_y"= 0.9943472334471336
"e_x"= 2.8916926253816655
"e_y"= 1.7418706481531623
