"inj_x"= -6.352651071818713
"inj_y"= 1.25
"b_x"= -1.1501804978799688
"b_y"= 1.25
"c_x"= -0.7387923531086887
"c_y"= 1.0795974510362296
"d_x"= -0.4113881447712801
"d_y"= 0.752193242698821
"o_x"= 0.0
"o_y"= 0.5817906937350505
"n_x"= 0.12674636880663245
"n_y"= 0.6191720297112979
"e_x"= 1.6299304628159799
"e_y"= 1.1277138827730853
