"inj_x"= -5.727621859716635
"inj_y"= 1.8124999999999998
"b_x"= -1.7178750560560463
"b_y"= 1.8124999999999998
"c_x"= -1.3278953495716384
"c_y"= 1.6509651165238795
"d_x"= -0.3899797064844079
"d_y"= 0.7130494734366489
"o_x"= 0.0
"o_y"= 0.5515145899605284
"n_x"= 0.0570969918134769
"n_y"= 0.559030097028093
"e_x"= 1.9585240051416668
"e_y"= 1.068515929716103
