"inj_x"= -8.643325340074831
"inj_y"= 1.875
"b_x"= -2.198674845074831
"b_y"= 1.875
"c_x"= -0.8067323624241468
"c_y"= 1.2984385456428102
"d_x"= -0.8351654895904106
"d_y"= 1.3268716728090741
"o_x"= 0.0
"o_y"= 0.9809348001947601
"n_x"= 0.2547431546284653
"n_y"= 1.0144658833256937
"e_x"= 2.9694546946322697
"e_y"= 1.7418706481531623
