"inj_x"= -13.368615462737168
"inj_y"= 1.875
"b_x"= -1.5153855433648826
"b_y"= 1.875
"c_x"= -0.8082787621783352
"c_y"= 1.5821067811865477
"d_x"= -0.3535533905932738
"d_y"= 1.1273814096014863
"o_x"= 0.0
"o_y"= 0.9809348001947601
"n_x"= 0.19411428382689058
"n_y"= 1.0064854855405314
"e_x"= 2.93860907382953
"e_y"= 1.7418706481531623
