"inj_x"= -8.714923082189502
"inj_y"= 1.875
"b_x"= -1.7440656829673136
"b_y"= 1.875
"c_x"= -1.0369589017807659
"c_y"= 1.5821067811865477
"d_x"= -0.3535533905932738
"d_y"= 0.8987012699990556
"o_x"= 0.0
"o_y"= 0.7522546605923295
"n_x"= 0.19411428382689058
"n_y"= 0.7778053459381009
"e_x"= 2.2765695792277216
"e_y"= 1.3357975606146686
