"inj_x"= -0.9570080584935852
"inj_y"= 0.3
"b_x"= -0.2905290185034082
"b_y"= 0.3
"c_x"= -0.25149606978802747
"c_y"= 0.2838320232626758
"d_x"= -0.03903294871538076
"d_y"= 0.07136890219002913
"o_x"= 0.0
"o_y"= 0.05520092545270495
"n_x"= 0.012025831508199069
"n_y"= 0.05874770673120898
"e_x"= 0.19488396313632034
"e_y"= 0.12047467612789707
