"inj_x"= -6.368789722003902
"inj_y"= 1.8124999999999998
"b_x"= -1.68428874545229
"b_y"= 1.8124999999999998
"c_x"= -1.1558890938115074
"c_y"= 1.5936296979371691
"d_x"= -0.5283996516407825
"d_y"= 0.9661402557664444
"o_x"= 0.0
"o_y"= 0.7472699537036135
"n_x"= 0.162796954592344
"n_y"= 0.7952836973147666
"e_x"= 1.9236434710538313
"e_y"= 1.3915683469464581
