"inj_x"= -19.082514093372374
"inj_y"= 5.999999999999999
"b_x"= -5.421828549797785
"b_y"= 5.999999999999999
"c_x"= -3.038998790014014
"c_y"= 5.012999596671337
"d_x"= -2.3828297597837707
"d_y"= 4.356830566441094
"o_x"= 0.0
"o_y"= 3.3698301631124323
"n_x"= 0.7341364192808346
"n_y"= 3.5863491876803377
"e_x"= 8.534253310735076
"e_y"= 6.228263016380056
